0
0
0
0
0
0
0
0
0
0
0
0
0
0
0
0
0
0
0
0
0
0
0
0
0
0
0
0
0
0
0
0
0
0
0
0
0
0
0
0
0
0
0
0
0
0
0
0
0
0
0
0
0
0
0
0
0
0
0
0
0
0
0
0
0
0
0
0
0
0
0
0
0
0
0
0
0
0
0
0
0
0
0
0
0
0
0
0
0
0
0
0
0
0
0
0
0
0
0
0
0
0
0
0
0
0
0
0
0
0
0
0
0
0
0
0
0
0
0
0
0
0
0
0
0
0
0
0
0
0
0
0
0
0
0
0
0
0
0
0
0
0
0
0
0
0
0
0
0
0
0
0
0
0
0
0
0
0
0
0
0
0
0
0
0
0
0
0
0
0
0
0
0
0
0
0
0
0
0
0
0
0
0
0
0
0
0
0
0
0
0
0
0
0
0
0
0
0
0
0
0
0
0
0
0
0
0
0
0
0
0
0
0
0
0
0
0
0
0
0
0
0
0
0
0
0
0
0
0
0
0
0
0
0
0
0
0
0
0
0
0
0
0
0
0
0
0
0
0
0
0
0
0
0
0
0
0
0
0
0
0
0
0
0
0
0
0
0
0
0
0
0
0
0
0
0
0
0
0
0
0
0
0
0
0
0
0
0
0
0
0
0
0
0
0
0
0
0
0
0
0
0
0
0
0
0
0
0
0
0
0
0
0
0
0
0
0
0
0
0
0
0
0
0
0
0
0
0
0
-0.004704
-0.004614
-0.0045261
-0.0044405
-0.0043569
-0.0042756
-0.0041963
-0.004119
-0.0040438
-0.0039706
-0.0038994
-0.0038301
-0.0037628
-0.0036973
-0.0036337
-0.003572
-0.003512
-0.0034538
-0.0033974
-0.0033427
-0.0032896
-0.0032382
-0.0031885
-0.0031403
-0.0030938
-0.0030938
-0.0030421
-0.0029924
-0.0029447
-0.0028989
-0.002855
-0.0028128
-0.0027725
-0.0027339
-0.002697
-0.0026617
-0.0026281
-0.0025959
-0.0025654
-0.0025362
-0.0025085
-0.0024822
-0.0024573
-0.0024336
-0.0024112
-0.0023899
-0.0023699
-0.002351
-0.0023331
-0.0023163
-0.0023004
-0.0022855
-0.0022715
-0.0022584
-0.002246
-0.0022345
-0.0022236
-0.0022135
-0.0022039
-0.002195
-0.0021866
-0.0021787
-0.0021713
-0.0021643
-0.0021577
-0.0021513
-0.0021453
-0.0021395
-0.0021339
-0.0021285
-0.0021232
-0.0021179
-0.0021126
-0.0021074
-0.002102
-0.0020966
-0.0020909
-0.0020851
-0.0020791
-0.0020727
-0.0020661
-0.002059
-0.0020515
-0.0020436
-0.0020352
-0.0020262
-0.0020166
-0.0020064
-0.0019956
-0.0019843
-0.0019726
-0.0019603
-0.0019476
-0.0019345
-0.001921
-0.0019071
-0.001893
-0.0018785
-0.0018639
-0.0018489
-0.0018338
-0.0018186
-0.0018032
-0.0017877
-0.0017722
-0.0017566
-0.001741
-0.0017255
-0.00171
-0.0016946
-0.0016793
-0.0016642
-0.0016493
-0.0016346
-0.0016201
-0.0016059
-0.0015921
-0.0015785
-0.0015654
-0.0015527
-0.0015404
-0.0015285
-0.0015172
-0.0015063
-0.0014959
-0.001486
-0.0014765
-0.0014674
-0.0014588
-0.0014505
-0.0014427
-0.0014353
-0.0014283
-0.0014216
-0.0014153
-0.0014094
-0.0014038
-0.0013986
-0.0013937
-0.0013891
-0.0013848
-0.0013808
-0.0013771
-0.0013737
-0.0013705
-0.0013676
-0.001365
-0.0013626
-0.0013604
-0.0013584
-0.0013567
-0.0013551
-0.0013538
-0.0013526
-0.0013516
-0.0013507
-0.00135
-0.0013493
-0.0013488
-0.0013484
-0.001348
-0.0013476
-0.0013473
-0.001347
-0.0013467
-0.0013464
-0.001346
-0.0013455
-0.001345
-0.0013444
-0.0013437
-0.0013428
-0.0013418
-0.0013406
-0.0013392
-0.0013377
-0.0013359
-0.0013338
-0.0013316
-0.001329
-0.0013262
-0.001323
-0.0013195
-0.0013157
-0.0013117
-0.0013074
-0.0013029
-0.0012983
-0.0012935
-0.0012888
-0.001284
-0.0012793
-0.0012746
-0.0012702
-0.0012658
-0.0012618
-0.0012579
-0.0012545
-0.0012513
-0.0012486
-0.0012464
-0.0012447
-0.0012435
-0.0012429
-0.0012429
-0.0012437
-0.0012452
-0.0012474
-0.0012505
-0.0012545
-0.0012592
-0.0012647
-0.0012709
-0.0012776
-0.0012848
-0.0012924
-0.0013004
-0.0013086
-0.001317
-0.0013254
-0.0013339
-0.0013423
-0.0013506
-0.0013587
-0.0013664
-0.0013738
-0.0013806
-0.001387
-0.0013927
-0.0013977
-0.0014019
-0.0014053
-0.0014077
-0.0014091
-0.0014094
-0.0014087
-0.001407
-0.0014042
-0.0014003
-0.0013954
-0.0013894
-0.0013824
-0.0013742
-0.001365
-0.0013547
-0.0013433
-0.0013308
-0.0013173
-0.0013026
-0.0012868
-0.0012699
-0.0012519
-0.0012328
-0.0012125
-0.0011911
-0.0011687
-0.0011453
-0.0011213
-0.0010968
-0.0010721
-0.0010474
-0.001023
-0.00099901
-0.00097574
-0.0009534
-0.00093222
-0.00091243
-0.00089425
-0.00087792
-0.00086367
-0.00085172
-0.0008423
-0.00083565
-0.00083198
-0.00083154
-0.00083438
-0.00084017
-0.00084847
-0.00085886
-0.00087092
-0.00088423
-0.00089837
-0.00091292
-0.00092745
-0.00094154
-0.00095477
-0.00096671
-0.00097695
-0.00098507
-0.00099063
-0.00099323
-0.00099243
-0.00098782
-0.00097906
-0.00096609
-0.00094892
-0.00092753
-0.00090193
-0.00087211
-0.00083806
-0.00083806
-0.00081016
-0.00077995
-0.00074742
-0.00071258
-0.00067541
-0.00063592
-0.00059411
-0.00054997
-0.00050351
-0.00045471
-0.00040359
-0.00035013
-0.00029434
-0.00023635
-0.00017645
-0.00011495
-5.2147e-05
1.1641e-05
7.6114e-05
7.6114e-05
0.00017105
0.00026583
0.00035951
0.00045112
0.00053972
0.00062434
0.00070402
0.00077781
0.00084475
0.00084475
0.00089025
0.00093098
0.00096676
0.00099744
0.0010228
0.0010427
0.001057
0.0010655
0.001068
0.0010644
0.0010544
0.0010379
0.0010148
0.00098481
0.00094781
0.00090362
0.00085208
0.00079321
0.00072828
0.00065896
0.00058692
0.00051383
0.00044138
0.00037123
0.00030507
0.00024456
0.00019138
0.0001472
0.00011371
9.2567e-05
8.5454e-05
9.4044e-05
0.00011956
0.00016015
0.00016015
0.00019562
0.00023583
0.00027972
0.00032624
0.00037435
0.00042299
0.00047111
0.00051767
0.0005616
0.00060187
0.00063743
0.00066721
0.00069017
0.00070527
0.00071144
0.00070765
0.00069283
0.00066624
0.00062855
0.00058083
0.00052419
0.0004597
0.00038846
0.00031156
0.00023008
0.00014511
5.7749e-05
-3.0928e-05
-0.00011982
-0.00020785
-0.00029393
-0.00037696
-0.00045585
-0.00052953
-0.00059689
-0.00065726
-0.00071137
-0.00076026
-0.00080498
-0.00084656
-0.00088605
-0.00092448
-0.00096291
-0.0010024
-0.0010024
-0.0010517
-0.0011056
-0.0011659
-0.0012341
-0.0013121
-0.0014016
-0.0015031
-0.0016106
-0.0017157
-0.0018102
-0.0018855
-0.0019335
-0.0019456
-0.0019136
-0.0018291
-0.0016837
-0.001469
-0.0011768
-0.00079875
-0.00033545
0.00019966
0.00079206
0.0014272
0.0020907
0.0027679
0.0034444
0.0041056
0.0047371
0.0053243
0.0053243
0.0057639
0.0061556
0.0064915
0.0067633
0.006963
0.0070826
0.0071139
0.0070489
0.0068795
0.0065976
0.0061951
0.005664
0.0049962
0
0
0
0
0
0
0
0
0
0
0
0
0
0
0
0
0
0
0
0
0
0
0
0
0
