0
0
0
0
0
0
0
0
0
0
0
0
0
0
0
0
0
0
0
0
0
0
0
0
0
0
0
0
0
0
0
0
0
0
0
0
0
0
0
0
0
0
0
0
0
0
0
0
0
0
0
0
0
0
0
0
0
0
0
0
0
0
0
0
0
0
0
0
0
0
0
0
0
0
0
0
0
0
0
0
0
0
0
0
0
0
0
0
0
0
0
0
0
0
0
0
0
0
0
0
0
0
0
0
0
0
0
0
0
0
0
0
0
0
0
0
0
0
0
0
0
0
0
0
0
0
0
0
0
0
0
0
0
0
0
0
0
0
0
0
0
0
0
0
0
0
0
0
0
0
0
0
0
0
0
0
0
0
0
0
0
0
0
0
0
0
0
0
0
0
0
0
0
0
0
0
0
0
0
0
0
0
0
0
0
0
0
0
0
0
0
0
0
0
0
0
0
0
0
0
0
0
0
0
0
0
0
0
0
0
0
0
0
0
0
0
0
0
0
0
0
0
0
0
0
0
0
0
0
0
0
0
0
0
0
0
0
0
0
0
0
0
0
0
0
0
0
0
0
0
0
0
0
0
0
0
0
0
0
0
0
0
0
0
0
0
0
0
0
0
0
0
0
0
0
0
0
0
0
0
0
0
0
0
0
0
0
0
0
0
0
0
0
0
0
0
0
0
0
0
0
0
0
0
0
0
0
0
0
0
0
0
0
0
0
0
0
0
0
0
0
0
0
0
0
0
0
0
0
0.00211
0.0020649
0.0020209
0.0019781
0.0019364
0.0018959
0.0018565
0.0018181
0.0017809
0.0017447
0.0017095
0.0016754
0.0016423
0.0016102
0.0015791
0.0015489
0.0015198
0.0014915
0.0014642
0.0014378
0.0014123
0.0013877
0.001364
0.0013411
0.0013191
0.0013191
0.0012947
0.0012715
0.0012492
0.001228
0.0012078
0.0011886
0.0011703
0.001153
0.0011365
0.001121
0.0011063
0.0010924
0.0010794
0.0010672
0.0010557
0.001045
0.001035
0.0010258
0.0010172
0.0010092
0.0010019
0.00099524
0.00098914
0.00098361
0.00097863
0.00097416
0.0009702
0.00096672
0.00096369
0.00096109
0.0009589
0.00095709
0.00095565
0.00095455
0.00095376
0.00095328
0.00095306
0.00095309
0.00095335
0.00095382
0.00095447
0.00095527
0.00095621
0.00095727
0.00095841
0.00095962
0.00096088
0.00096216
0.00096344
0.0009647
0.00096591
0.00096705
0.0009681
0.00096904
0.00096984
0.00097048
0.00097093
0.00097119
0.00097121
0.00097099
0.00097049
0.00096971
0.00096866
0.00096733
0.00096574
0.00096389
0.00096178
0.00095942
0.00095681
0.00095396
0.00095087
0.00094755
0.000944
0.00094023
0.00093624
0.00093203
0.00092762
0.000923
0.00091819
0.00091318
0.00090797
0.00090259
0.00089702
0.00089128
0.00088537
0.00087929
0.00087306
0.00086666
0.00086011
0.00085342
0.00084659
0.00083962
0.00083251
0.00082528
0.00081793
0.00081045
0.00080287
0.0007952
0.00078746
0.00077966
0.00077182
0.00076397
0.00075611
0.00074827
0.00074046
0.0007327
0.00072502
0.00071742
0.00070992
0.00070255
0.00069532
0.00068824
0.00068134
0.00067464
0.00066814
0.00066188
0.00065586
0.00065011
0.00064464
0.00063947
0.00063462
0.0006301
0.00062594
0.00062215
0.00061875
0.00061575
0.00061318
0.00061106
0.00060937
0.00060809
0.0006072
0.00060665
0.00060643
0.0006065
0.00060683
0.00060739
0.00060814
0.00060907
0.00061014
0.00061131
0.00061256
0.00061386
0.00061518
0.00061648
0.00061775
0.00061893
0.00062002
0.00062097
0.00062175
0.00062234
0.00062271
0.00062282
0.00062265
0.00062215
0.00062131
0.0006201
0.00061848
0.00061645
0.00061406
0.00061136
0.00060841
0.00060527
0.00060197
0.00059858
0.00059516
0.00059174
0.00058839
0.00058517
0.00058212
0.00057929
0.00057674
0.00057453
0.0005727
0.00057132
0.00057043
0.00057008
0.00057033
0.00057124
0.00057285
0.00057523
0.00057841
0.00058247
0.00058744
0.00059338
0.00060024
0.00060798
0.00061653
0.00062584
0.00063585
0.0006465
0.00065773
0.00066949
0.00068172
0.00069436
0.00070735
0.00072064
0.00073416
0.00074787
0.00076169
0.00077558
0.00078947
0.00080331
0.00081705
0.00083061
0.00084395
0.00085701
0.00086972
0.00088205
0.00089403
0.00090575
0.00091727
0.00092867
0.00094002
0.0009514
0.0009629
0.00097457
0.0009865
0.00099876
0.0010114
0.0010246
0.0010383
0.0010526
0.0010677
0.0010835
0.0011002
0.0011178
0.0011365
0.0011562
0.0011771
0.0011991
0.0012222
0.001246
0.0012702
0.0012947
0.0013192
0.0013435
0.0013672
0.0013902
0.0014122
0.0014329
0.0014521
0.0014695
0.001485
0.0014982
0.0015088
0.0015168
0.0015217
0.0015234
0.0015215
0.0015161
0.0015076
0.0014965
0.0014833
0.0014686
0.0014529
0.0014366
0.0014204
0.0014048
0.0013903
0.0013773
0.0013665
0.0013584
0.0013534
0.0013522
0.0013552
0.001363
0.001376
0.0013947
0.0014189
0.0014482
0.0014824
0.0015212
0.0015642
0.0016113
0.0016113
0.0016485
0.0016877
0.0017286
0.0017712
0.0018154
0.001861
0.001908
0.0019562
0.0020054
0.0020557
0.0021068
0.0021586
0.0022111
0.002264
0.002317
0.0023698
0.002422
0.0024732
0.0025233
0.0025233
0.0025935
0.0026594
0.0027198
0.0027737
0.0028201
0.0028579
0.002886
0.0029035
0.0029093
0.0029093
0.0029052
0.002894
0.0028764
0.0028531
0.0028249
0.0027926
0.0027569
0.0027186
0.0026784
0.0026372
0.0025957
0.0025546
0.0025147
0.0024769
0.0024417
0.0024101
0.0023828
0.0023603
0.0023425
0.0023288
0.0023185
0.0023112
0.0023063
0.0023031
0.0023013
0.0023001
0.002299
0.0022975
0.002295
0.0022909
0.0022847
0.0022758
0.0022637
0.0022476
0.0022476
0.0022337
0.0022174
0.0021983
0.0021763
0.0021511
0.0021225
0.0020903
0.0020542
0.0020139
0.0019693
0.0019201
0.0018661
0.001807
0.0017426
0.0016727
0.0015971
0.0015154
0.0014277
0.0013355
0.0012403
0.001144
0.0010482
0.00095462
0.00086507
0.00078125
0.00070486
0.00063764
0.0005813
0.00053757
0.00050818
0.00049485
0.00049931
0.00052326
0.00056845
0.0006366
0.00072866
0.00084295
0.00097722
0.0011292
0.0012966
0.0014772
0.0016687
0.0018689
0.0020754
0.0020754
0.0023243
0.0025751
0.0028243
0.003068
0.0033026
0.0035244
0.0037298
0.0039171
0.0040849
0.004232
0.0043571
0.004459
0.0045362
0.0045876
0.0046119
0.0046078
0.004574
0.0045093
0.0044123
0.0042841
0.0041287
0.0039507
0.0037544
0.0035442
0.0033246
0.0031
0.0028747
0.0026533
0.0024401
0.0024401
0.002274
0.0021189
0.0019773
0.0018517
0.0017444
0.001658
0.0015949
0.0015576
0.0015485
0.0015702
0.0016249
0.0017153
0.0018438
0
0
0
0
0
0
0
0
0
0
0
0
0
0
0
0
0
0
0
0
0
0
0
0
0
