# lay number; radius (km)
0.000000 3480.000000
1.000000 3486.250000
2.000000 3492.500000
3.000000 3498.750000
4.000000 3505.000000
5.000000 3511.250000
6.000000 3517.500000
7.000000 3523.750000
8.000000 3530.000000
9.000000 3536.250000
10.000000 3542.500000
11.000000 3548.750000
12.000000 3555.000000
13.000000 3561.250000
14.000000 3567.500000
15.000000 3573.750000
16.000000 3580.000000
17.000000 3586.250000
18.000000 3592.500000
19.000000 3598.750000
20.000000 3605.000000
21.000000 3611.250000
22.000000 3617.500000
23.000000 3623.750000
24.000000 3630.000000
25.000000 3630.000000
26.000000 3637.189800
27.000000 3644.379600
28.000000 3651.569300
29.000000 3658.759100
30.000000 3665.948900
31.000000 3673.138700
32.000000 3680.328500
33.000000 3687.518200
34.000000 3694.708000
35.000000 3701.897800
36.000000 3709.087600
37.000000 3716.277400
38.000000 3723.467200
39.000000 3730.656900
40.000000 3737.846700
41.000000 3745.036500
42.000000 3752.226300
43.000000 3759.416100
44.000000 3766.605800
45.000000 3773.795600
46.000000 3780.985400
47.000000 3788.175200
48.000000 3795.365000
49.000000 3802.554700
50.000000 3809.744500
51.000000 3816.934300
52.000000 3824.124100
53.000000 3831.313900
54.000000 3838.503600
55.000000 3845.693400
56.000000 3852.883200
57.000000 3860.073000
58.000000 3867.262800
59.000000 3874.452600
60.000000 3881.642300
61.000000 3888.832100
62.000000 3896.021900
63.000000 3903.211700
64.000000 3910.401500
65.000000 3917.591200
66.000000 3924.781000
67.000000 3931.970800
68.000000 3939.160600
69.000000 3946.350400
70.000000 3953.540100
71.000000 3960.729900
72.000000 3967.919700
73.000000 3975.109500
74.000000 3982.299300
75.000000 3989.489100
76.000000 3996.678800
77.000000 4003.868600
78.000000 4011.058400
79.000000 4018.248200
80.000000 4025.438000
81.000000 4032.627700
82.000000 4039.817500
83.000000 4047.007300
84.000000 4054.197100
85.000000 4061.386900
86.000000 4068.576600
87.000000 4075.766400
88.000000 4082.956200
89.000000 4090.146000
90.000000 4097.335800
91.000000 4104.525500
92.000000 4111.715300
93.000000 4118.905100
94.000000 4126.094900
95.000000 4133.284700
96.000000 4140.474500
97.000000 4147.664200
98.000000 4154.854000
99.000000 4162.043800
100.000000 4169.233600
101.000000 4176.423400
102.000000 4183.613100
103.000000 4190.802900
104.000000 4197.992700
105.000000 4205.182500
106.000000 4212.372300
107.000000 4219.562000
108.000000 4226.751800
109.000000 4233.941600
110.000000 4241.131400
111.000000 4248.321200
112.000000 4255.510900
113.000000 4262.700700
114.000000 4269.890500
115.000000 4277.080300
116.000000 4284.270100
117.000000 4291.459900
118.000000 4298.649600
119.000000 4305.839400
120.000000 4313.029200
121.000000 4320.219000
122.000000 4327.408800
123.000000 4334.598500
124.000000 4341.788300
125.000000 4348.978100
126.000000 4356.167900
127.000000 4363.357700
128.000000 4370.547400
129.000000 4377.737200
130.000000 4384.927000
131.000000 4392.116800
132.000000 4399.306600
133.000000 4406.496400
134.000000 4413.686100
135.000000 4420.875900
136.000000 4428.065700
137.000000 4435.255500
138.000000 4442.445300
139.000000 4449.635000
140.000000 4456.824800
141.000000 4464.014600
142.000000 4471.204400
143.000000 4478.394200
144.000000 4485.583900
145.000000 4492.773700
146.000000 4499.963500
147.000000 4507.153300
148.000000 4514.343100
149.000000 4521.532800
150.000000 4528.722600
151.000000 4535.912400
152.000000 4543.102200
153.000000 4550.292000
154.000000 4557.481800
155.000000 4564.671500
156.000000 4571.861300
157.000000 4579.051100
158.000000 4586.240900
159.000000 4593.430700
160.000000 4600.620400
161.000000 4607.810200
162.000000 4615.000000
163.000000 4622.189800
164.000000 4629.379600
165.000000 4636.569300
166.000000 4643.759100
167.000000 4650.948900
168.000000 4658.138700
169.000000 4665.328500
170.000000 4672.518200
171.000000 4679.708000
172.000000 4686.897800
173.000000 4694.087600
174.000000 4701.277400
175.000000 4708.467200
176.000000 4715.656900
177.000000 4722.846700
178.000000 4730.036500
179.000000 4737.226300
180.000000 4744.416100
181.000000 4751.605800
182.000000 4758.795600
183.000000 4765.985400
184.000000 4773.175200
185.000000 4780.365000
186.000000 4787.554700
187.000000 4794.744500
188.000000 4801.934300
189.000000 4809.124100
190.000000 4816.313900
191.000000 4823.503600
192.000000 4830.693400
193.000000 4837.883200
194.000000 4845.073000
195.000000 4852.262800
196.000000 4859.452600
197.000000 4866.642300
198.000000 4873.832100
199.000000 4881.021900
200.000000 4888.211700
201.000000 4895.401500
202.000000 4902.591200
203.000000 4909.781000
204.000000 4916.970800
205.000000 4924.160600
206.000000 4931.350400
207.000000 4938.540100
208.000000 4945.729900
209.000000 4952.919700
210.000000 4960.109500
211.000000 4967.299300
212.000000 4974.489100
213.000000 4981.678800
214.000000 4988.868600
215.000000 4996.058400
216.000000 5003.248200
217.000000 5010.438000
218.000000 5017.627700
219.000000 5024.817500
220.000000 5032.007300
221.000000 5039.197100
222.000000 5046.386900
223.000000 5053.576600
224.000000 5060.766400
225.000000 5067.956200
226.000000 5075.146000
227.000000 5082.335800
228.000000 5089.525500
229.000000 5096.715300
230.000000 5103.905100
231.000000 5111.094900
232.000000 5118.284700
233.000000 5125.474500
234.000000 5132.664200
235.000000 5139.854000
236.000000 5147.043800
237.000000 5154.233600
238.000000 5161.423400
239.000000 5168.613100
240.000000 5175.802900
241.000000 5182.992700
242.000000 5190.182500
243.000000 5197.372300
244.000000 5204.562000
245.000000 5211.751800
246.000000 5218.941600
247.000000 5226.131400
248.000000 5233.321200
249.000000 5240.510900
250.000000 5247.700700
251.000000 5254.890500
252.000000 5262.080300
253.000000 5269.270100
254.000000 5276.459900
255.000000 5283.649600
256.000000 5290.839400
257.000000 5298.029200
258.000000 5305.219000
259.000000 5312.408800
260.000000 5319.598500
261.000000 5326.788300
262.000000 5333.978100
263.000000 5341.167900
264.000000 5348.357700
265.000000 5355.547400
266.000000 5362.737200
267.000000 5369.927000
268.000000 5377.116800
269.000000 5384.306600
270.000000 5391.496400
271.000000 5398.686100
272.000000 5405.875900
273.000000 5413.065700
274.000000 5420.255500
275.000000 5427.445300
276.000000 5434.635000
277.000000 5441.824800
278.000000 5449.014600
279.000000 5456.204400
280.000000 5463.394200
281.000000 5470.583900
282.000000 5477.773700
283.000000 5484.963500
284.000000 5492.153300
285.000000 5499.343100
286.000000 5506.532800
287.000000 5513.722600
288.000000 5520.912400
289.000000 5528.102200
290.000000 5535.292000
291.000000 5542.481800
292.000000 5549.671500
293.000000 5556.861300
294.000000 5564.051100
295.000000 5571.240900
296.000000 5578.430700
297.000000 5585.620400
298.000000 5592.810200
299.000000 5600.000000
300.000000 5600.000000
301.000000 5605.315800
302.000000 5610.631600
303.000000 5615.947400
304.000000 5621.263200
305.000000 5626.578900
306.000000 5631.894700
307.000000 5637.210500
308.000000 5642.526300
309.000000 5647.842100
310.000000 5653.157900
311.000000 5658.473700
312.000000 5663.789500
313.000000 5669.105300
314.000000 5674.421100
315.000000 5679.736800
316.000000 5685.052600
317.000000 5690.368400
318.000000 5695.684200
319.000000 5701.000000
320.000000 5701.000000
321.000000 5708.777800
322.000000 5716.555600
323.000000 5724.333300
324.000000 5732.111100
325.000000 5739.888900
326.000000 5747.666700
327.000000 5755.444400
328.000000 5763.222200
329.000000 5771.000000
330.000000 5771.000000
331.000000 5776.882400
332.000000 5782.764700
333.000000 5788.647100
334.000000 5794.529400
335.000000 5800.411800
336.000000 5806.294100
337.000000 5812.176500
338.000000 5818.058800
339.000000 5823.941200
340.000000 5829.823500
341.000000 5835.705900
342.000000 5841.588200
343.000000 5847.470600
344.000000 5853.352900
345.000000 5859.235300
346.000000 5865.117600
347.000000 5871.000000
348.000000 5876.882400
349.000000 5882.764700
350.000000 5888.647100
351.000000 5894.529400
352.000000 5900.411800
353.000000 5906.294100
354.000000 5912.176500
355.000000 5918.058800
356.000000 5923.941200
357.000000 5929.823500
358.000000 5935.705900
359.000000 5941.588200
360.000000 5947.470600
361.000000 5953.352900
362.000000 5959.235300
363.000000 5965.117600
364.000000 5971.000000
365.000000 5971.000000
366.000000 5975.090900
367.000000 5979.181800
368.000000 5983.272700
369.000000 5987.363600
370.000000 5991.454500
371.000000 5995.545500
372.000000 5999.636400
373.000000 6003.727300
374.000000 6007.818200
375.000000 6011.909100
376.000000 6016.000000
377.000000 6020.090900
378.000000 6024.181800
379.000000 6028.272700
380.000000 6032.363600
381.000000 6036.454500
382.000000 6040.545500
383.000000 6044.636400
384.000000 6048.727300
385.000000 6052.818200
386.000000 6056.909100
387.000000 6061.000000
388.000000 6065.090900
389.000000 6069.181800
390.000000 6073.272700
391.000000 6077.363600
392.000000 6081.454500
393.000000 6085.545500
394.000000 6089.636400
395.000000 6093.727300
396.000000 6097.818200
397.000000 6101.909100
398.000000 6106.000000
399.000000 6110.090900
400.000000 6114.181800
401.000000 6118.272700
402.000000 6122.363600
403.000000 6126.454500
404.000000 6130.545500
405.000000 6134.636400
406.000000 6138.727300
407.000000 6142.818200
408.000000 6146.909100
409.000000 6151.000000
410.000000 6151.000000
411.000000 6155.827600
412.000000 6160.655200
413.000000 6165.482800
414.000000 6170.310300
415.000000 6175.137900
416.000000 6179.965500
417.000000 6184.793100
418.000000 6189.620700
419.000000 6194.448300
420.000000 6199.275900
421.000000 6204.103400
422.000000 6208.931000
423.000000 6213.758600
424.000000 6218.586200
425.000000 6223.413800
426.000000 6228.241400
427.000000 6233.069000
428.000000 6237.896600
429.000000 6242.724100
430.000000 6247.551700
431.000000 6252.379300
432.000000 6257.206900
433.000000 6262.034500
434.000000 6266.862100
435.000000 6271.689700
436.000000 6276.517200
437.000000 6281.344800
438.000000 6286.172400
439.000000 6291.000000
440.000000 6291.000000
441.000000 6294.971400
442.000000 6298.942900
443.000000 6302.914300
444.000000 6306.885700
445.000000 6310.857100
446.000000 6314.828600
447.000000 6318.800000
448.000000 6322.771400
449.000000 6326.742900
450.000000 6330.714300
451.000000 6334.685700
452.000000 6338.657100
453.000000 6342.628600
454.000000 6346.600000
455.000000 6346.600000
456.000000 6347.644400
457.000000 6348.688900
458.000000 6349.733300
459.000000 6350.777800
460.000000 6351.822200
461.000000 6352.866700
462.000000 6353.911100
463.000000 6354.955600
464.000000 6356.000000
465.000000 6356.000000
466.000000 6357.333300
467.000000 6358.666700
468.000000 6360.000000
469.000000 6361.333300
470.000000 6362.666700
471.000000 6364.000000
472.000000 6365.333300
473.000000 6366.666700
474.000000 6368.000000
475.000000 6368.000000
476.000000 6369.500000
477.000000 6371.000000
