                       NaN
   2.7253451116442173E-002
   5.4506498051752277E-002
   8.1759780530997764E-002
  0.10901287155968981     
  0.13626565273630056     
  0.16351767793366767     
  0.19076957364716438     
  0.21802088874154030     
  0.24527115850820369     
  0.27252101833138925     
  0.29977004815905167     
  0.32701777352667283     
  0.35426483561841410     
  0.38151077072832706     
  0.40875547972519227     
  0.43599854291794921     
  0.46324058469652857     
  0.49048114799111148     
  0.51771976766407357     
  0.54495708271684995     
  0.57219263179424718     
  0.59942631497513810     
  0.62665771338690968     
  0.65388745290463723     
  0.68111507537643190     
  0.70834011904766070     
  0.73556321420884774     
  0.76278394177656017     
  0.79000219649440162     
  0.81721751986846558     
  0.84443054648856741     
  0.87164081039305874     
  0.89884788975881946     
  0.92605242022817069     
  0.95325389237185465     
  0.98045189739128114     
   1.0076470592817448     
   1.0348389145103953     
   1.0620274132193173     
   1.0892120467781612     
   1.1163934553268626     
   1.1435712091231505     
   1.1707448902478730     
   1.1979150836412538     
   1.2250813336404687     
   1.2522435821949169     
   1.2794013633988737     
   1.3065553110469910     
   1.3337049650036576     
   1.3608498660818267     
   1.3879906414578471     
   1.4151268734838773     
   1.4422580934735909     
   1.4693849372341763     
   1.4965069424987067     
   1.5236240168567488     
   1.5507356926234845     
   1.5778426444742311     
   1.6049444112936189     
   1.6320404892513560     
   1.6591315527934265     
   1.6862171740118770     
   1.7132972579243788     
   1.7403713052132330     
   1.7674399498196369     
   1.7945027665665294     
   1.8215593299771438     
   1.8486102710639489     
   1.8756550913577192     
   1.9026936954354701     
   1.9297256654653914     
   1.9567516243696190     
   1.9837711153577988     
   2.0107836806887995     
   2.0377899438211928     
   2.0647894887985578     
   2.0917818493235969     
   2.1187676565613116     
   2.1457464530236363     
   2.1727181364145598     
   2.1996822912218557     
   2.2266395378285830     
   2.2535894206642348     
   2.2805314808122654     
   2.3074663465247598     
   2.3343935616215985     
   2.3613130237870710     
   2.3882243183397849     
   2.4151280645753359     
   2.4420238072402860     
   2.4689110900257938     
   2.4957905334932100     
   2.5226617208953734     
   2.5495241963915207     
   2.5763785401613455     
   2.6032243370159152     
   2.6300615303982902     
   2.6568896185493345     
   2.6837092280055415     
   2.7105199431792895     
   2.7373213010423165     
   2.7641139275049293     
   2.7908973676481557     
   2.8176715196946764     
   2.8444359684115033     
   2.8711913378978804     
   2.8979371273224404     
   2.9246729229097528     
   2.9513993864797401     
   2.9781160176241146     
   3.0048227221541071     
   3.0315190860553480     
   3.0582057236418434     
   3.0848821822885220     
   3.1115480087594158     
   3.1382038176050946     
   3.1648491950941748     
   3.1914836884796700     
   3.2181078719016023     
   3.2447213330093052     
   3.2713240154657521     
   3.2979154206305163     
   3.3244961686799499     
   3.3510658471618870     
   3.3776239963859127     
   3.4041712356684077     
   3.4307071135983001     
   3.4572315276429322     
   3.4837440683169412     
   3.5102453443388995     
   3.5367349060243236     
   3.5632123008671299     
   3.5896781445166792     
   3.6161319871587412     
   3.6425733710109101     
   3.6690029528521180     
   3.6954202759325572     
   3.7218252397923854     
   3.7482174340689181     
   3.7745974711589461     
   3.8009648619140242     
   3.8273191563530093     
   3.8536610072866186     
   3.8799899596466565     
   3.9063059130536595     
   3.9326084579474090     
   3.9588982062713076     
   3.9851746633341003     
   4.0114374211162538     
   4.0376871297419994     
   4.0639232925056215     
   4.0901458244147761     
   4.1163542677623441     
   4.1425492743469610     
   4.1687303902927555     
   4.1948971619193323     
   4.2210502445367091     
   4.2471891431650386     
   4.2733134129655976     
   4.2994237003892462     
   4.3255195518604186     
   4.3516008731763618     
   4.3776672189984343     
   4.4037191885064253     
   4.4037191885064253     
   4.4450535217273979     
   4.4864886131964958     
   4.5280169937492190     
   4.5696326635820173     
   4.6113288125446665     
   4.6530999099284420     
   4.6949406394013851     
   4.7368449624871438     
   4.7788083934594647     
   4.8208254608914585     
   4.8628920494110268     
   4.9050031168809110     
   4.9471547291224738     
   4.9893430638797343     
   5.0315635681916753     
   5.0738130623350761     
   5.1160873811139895     
   5.1583833532789827     
   5.2006978577956877     
   5.2430271602386647     
   5.2853687716243343     
   5.3277191078075870     
   5.3700759365735697     
   5.4124358060713060     
   5.4547963956775316     
   5.4971553715172323     
   5.5395096598736089     
   5.5818574966667542     
   5.6241958939030638     
   5.6665228789457798     
   5.7088365347903665     
   5.7511341821068598     
   5.7934143454421321     
   5.8356744004590517     
   5.8779130063095488     
   5.9201276543624664     
   5.9623168048421764     
   6.0044789895168895     
   6.0466117750629547     
   6.0887140940624622     
   6.1307836949519192     
   6.1728192002779831     
   6.2148193765626605     
   6.2567820168625570     
   6.2987061964999427     
   6.3405897846247834     
   6.3824316940709140     
   6.4242307759715960     
   6.4659850199099553     
   6.5076936560416927     
   6.5493547273888026     
   6.5909675376111077     
   6.6325300952981587     
   6.6740415383284937     
   6.7155008477779514     
   6.7569061274872810     
   6.7982568830288832     
   6.8395512558887646     
   6.8807883441557554     
   6.9219672610155190     
   6.9630862262152462     
   7.0041447675509767     
   7.0451411419573606     
   7.0860748362069597     
   7.1269441569314438     
   7.1677483181421158     
   7.2084865648669849     
   7.2491571752742381     
   7.2897597214210368     
   7.3302925847028435     
   7.3707550644895390     
   7.4111463942570248     
   7.4514649411247280     
   7.4917103308564048     
   7.5318810246688095     
   7.5719766101731283     
   7.6119954228015860     
   7.6519368649928534     
   7.6918002401462742     
   7.7315840094216348     
   7.7712878127012468     
   7.8109100534516216     
   7.8504501018573016     
   7.8899073206988248     
   7.9292802196800780     
   7.9685684760656974     
   8.0077705553461627     
   8.0468857862056069     
   8.0859135915728704     
   8.1248524612872117     
   8.1637020288961004     
   8.2024608892091670     
   8.2411286836501461     
   8.2797039460155908     
   8.3181860723259131     
   8.3565743738442855     
   8.3948674209320284     
   8.4330648904250722     
   8.4711653517204191     
   8.5091682293468391     
   8.5470728577550794     
   8.5848778528593837     
   8.6225828465216416     
   8.6601863777009278     
   8.6976881777878070     
   8.7350867828343244     
   8.7723816571164051     
   8.8095721875669994     
   8.8466568796667833     
   8.8836354128448107     
   8.9205063767446386     
   8.9572691764213204     
   8.9939232199569918     
   9.0304671144509534     
   9.0669005500124893     
   9.1032220825300207     
   9.1394313296267402     
   9.1755269434053162     
   9.2115082830847932     
   9.2473747110700408     
   9.2831248960303903     
   9.3187584623068709     
   9.3542740153144219     
   9.3896709365658744     
   9.4249486118177224     
   9.4601056578059026     
   9.4951417178046960     
   9.5300554312935510     
   9.5648461149799804     
   9.5995131769019775     
   9.6340552639801071     
   9.6684719643605188     
   9.7027618647961997     
   9.7369246246799701     
   9.7709589245532324     
   9.8048640304247705     
   9.8386392987919162     
   9.8722834212531172     
   9.9057959843757040     
   9.9391756296842999     
   9.9724216418351173     
   10.005533381144708     
   10.038509571594551     
   10.071349740231661     
   10.104052474376118     
   10.136617386962062     
   10.169043142901227     
   10.201329048852797     
   10.233474408889315     
   10.265477913908246     
   10.297339100884610     
   10.329056595628643     
   10.360629716776925     
   10.392057785982725     
   10.423339437220385     
   10.454474222407976     
   10.485460785062184     
   10.516298674371749     
   10.546986551778659     
   10.577523679402006     
   10.607909320952539     
   10.638142148226413     
   10.668221720699266     
   10.698146641217523     
   10.698146641217523     
   10.688956109191775     
   10.679850674426840     
   10.670829697144773     
   10.661892513616012     
   10.653038469988156     
   10.644266918908771     
   10.635577212038287     
   10.626968745992123     
   10.618440890631742     
   10.609992979834793     
   10.601624434183970     
   10.593334632500634     
   10.585122961064220     
   10.576988851020026     
   10.568931695858117     
   10.560950908461800     
   10.553045866916833     
   10.545215982208898     
   10.537460744062111     
   10.529779573118454     
   10.522171867823012     
   10.514637070631649     
   10.507174617681814     
   10.499783981765765     
   10.499783981765765     
   10.491372922743276     
   10.483055341152649     
   10.474830521254079     
   10.466697418433389     
   10.458655383523885     
   10.450703613064203     
   10.442841320016470     
   10.435067829707155     
   10.427382153027470     
   10.419783632467405     
   10.412271509329880     
   10.404845032224898     
   10.397503457200925     
   10.390246146712462     
   10.383072171350504     
   10.375980903263736     
   10.368971665374268     
   10.362043750107363     
   10.355196503436764     
   10.348429085827643     
   10.341740901410699     
   10.335131230678645     
   10.328599396954596     
   10.322144858716900     
   10.315766767445643     
   10.309464555721062     
   10.303237580543925     
   10.297085149517557     
   10.291006753795982     
   10.285001589476190     
   10.279069077524042     
   10.273208596561631     
   10.267419569065776     
   10.261701385135821     
   10.256053480684292     
   10.250475100768718     
   10.244965769065882     
   10.239524898281125     
   10.234151866990336     
   10.228846177787291     
   10.223607110571320     
   10.218434173610046     
   10.213326806144597     
   10.208284450578113     
   10.203306630675705     
   10.198392623823025     
   10.193541956988689     
   10.188754140399100     
   10.184028595070302     
   10.179364803591263     
   10.174762304903076     
   10.170220455383662     
   10.165738807151905     
   10.161316850805061     
   10.156954090007257     
   10.152650043810361     
   10.148404106365373     
   10.144215844445966     
   10.140084779444893     
   10.136010391218347     
   10.131992256264761     
   10.128029836923735     
   10.124122673558857     
   10.120270308815156     
   10.116472286944903     
   10.112728162496419     
   10.109037386475126     
   10.105399561676995     
   10.101814242399460     
   10.098280994936339     
   10.094799342073905     
   10.091368902758992     
   10.087989159800522     
   10.084659689221043     
   10.081380113931354     
   10.078150020419786     
   10.074968959927896     
   10.071836439054772     
   10.068752137758359     
   10.065715611958044     
   10.062726429015544     
   10.059784236820287     
   10.056888560082257     
   10.054039048387269     
   10.051235321785128     
   10.048476956165224     
   10.045763613475009     
   10.043094847451741     
   10.040470279868060     
   10.037889553933265     
   10.035352259668436     
   10.032858038663813     
   10.030406567879494     
   10.027997381002583     
   10.025630164416432     
   10.023304562752815     
   10.021020232479241     
   10.018776823335832     
   10.016573896081931     
   10.014411147132774     
   10.012288236102618     
   10.010204833713525     
   10.008160601213735     
   10.006155118991105     
   10.004188094634520     
   10.002259201577763     
   10.000368124217422     
   9.9985145096267392     
   9.9966980327488812     
   9.9949183342735832     
   9.9931751327399034     
   9.9914680861437422     
   9.9897968547100291     
   9.9881611629378533     
   9.9865606627544938     
   9.9849950843330308     
   9.9834640979579738     
   9.9819673749781206     
   9.9805046544030898     
   9.9790755721771447     
   9.9776798288407633     
   9.9763171460266769     
   9.9749872396425072     
   9.9736898531628260     
   9.9724246402289118     
   9.9711913088066702     
   9.9699895967006267     
   9.9688191979264218     
   9.9676798110833094     
   9.9665711886308586     
   9.9654930403534845     
   9.9644450865414171     
   9.9634270320099159     
   9.9624386296729988     
   9.9614796009878148     
   9.9605496332561057     
   9.9596484922629607     
   9.9587759323551932     
   9.9579316726722293     
   9.9571154428926665     
   9.9563269877923357     
   9.9555660420391821     
   9.9548323309116231     
   9.9541256270209431     
   9.9534456676139307     
   9.9527921672363924     
   9.9521649069166180     
   9.9515636605762179     
   9.9509881644773603     
   9.9504381629817082     
   9.9499134086737868     
   9.9494136293990412     
   9.9489386158539990     
   9.9484881502643780     
   9.9480619878599637     
   9.9476598422823592     
   9.9472814994818037     
   9.9469267546031421     
   9.9465953613036273     
   9.9462870830872774     
   9.9460016779876188     
   9.9457389438942663     
   9.9454986424780145     
   9.9452805444075469     
   9.9450844107205505     
   9.9449100542129791     
   9.9447572368924675     
   9.9446257294546001     
   9.9445153470291352     
   9.9444258589649603     
   9.9443570447959342     
   9.9443086827538476     
   9.9442805547262267     
   9.9442724366777036     
   9.9442841528331769     
   9.9443154830140870     
   9.9443662071407921     
   9.9444361558399166     
   9.9445251106358636     
   9.9446328639380948     
   9.9447592072996454     
   9.9449039310723997     
   9.9450668364578849     
   9.9452477105762451     
   9.9454463919481171     
   9.9456626722919133     
   9.9458963531081999     
   9.9461472326806764     
   9.9464151149615798     
   9.9466998397097868     
   9.9470012114345945     
   9.9473189990472690     
   9.9476530046041312     
   9.9480030858574811     
   9.9483690439597101     
   9.9487506832478587     
   9.9491478633978616     
   9.9495603457653026     
   9.9499879577560115     
   9.9504305548591727     
   9.9508879085803024     
   9.9513598391283029     
   9.9518461974983641     
   9.9523468121837855     
   9.9528614997781926     
   9.9533900832470206     
   9.9539323844325001     
   9.9544882372789498     
   9.9550574112619987     
   9.9556397984981757     
   9.9562352109399548     
   9.9568434782477979     
   9.9574644389950642     
   9.9580978674149101     
   9.9587436626563743     
   9.9594016405893466     
   9.9600716382921917     
   9.9607534907797870     
   9.9614470246917879     
   9.9621520976407592     
   9.9628685385953641     
   9.9635961875610519     
   9.9643348835682897     
   9.9650844636150264     
   9.9658447524317761     
   9.9666155836814614     
   9.9673968393172707     
   9.9681883652162071     
   9.9689899683003169     
   9.9698014905712977     
   9.9706228017582568     
   9.9714537402185535     
   9.9722941557815155     
   9.9731438994480754     
   9.9740028108127472     
   9.9748707655780997     
   9.9757476116508794     
   9.9766331644679642     
   9.9775272782470665     
   9.9784298399568812     
   9.9793406935435165     
   9.9802596448164351     
   9.9811865988821040     
   9.9821214051445626     
   9.9830639331594622     
   9.9840139889214203     
   9.9849714666962335     
   9.9859362226520734     
   9.9869080733558224     
   9.9878869295307755     
   9.9888726400244447     
   9.9898650606383335     
   9.9908640489378584     
   9.9918694776941894     
   9.9928811745402744     
   9.9938990007883906     
   9.9949228533631249     
   9.9959525895562980     
   9.9969880791895047     
   9.9980291991790828     
   9.9990757745205538     
   10.000127668076809     
   10.001184783994580     
   10.002246995684621     
   10.003314140357109     
   10.004386099100739     
   10.005462738525722     
   10.006543926885158     
   10.007629532734979     
   10.008719440241185     
   10.009813489027490     
   10.010911549235090     
   10.012013537017998     
   10.013119283798185     
   10.013119283798185     
   10.013934057775414     
   10.014750786178475     
   10.015569411018317     
   10.016389903142985     
   10.017212190982409     
   10.018036216929813     
   10.018861937619246     
   10.019689326864114     
   10.020518291305878     
   10.021348805310168     
   10.022180841613638     
   10.023014312436716     
   10.023849163111283     
   10.024685368738306     
   10.025522848698657     
   10.026361610492080     
   10.027201584380453     
   10.028042683057363     
   10.028884883371285     
   10.028884883371285     
   10.027604531802970     
   10.026353075213915     
   10.025130340221256     
   10.023936106541067     
   10.022770210455892     
   10.021632424195184     
   10.020522577722042     
   10.019440503067329     
   10.018386026099346     
   10.018386026099346     
   10.017586551792057     
   10.016772904646404     
   10.015945048869307     
   10.015102994870436     
   10.014246691527948     
   10.013376189560638     
   10.012491405951511     
   10.011592353915191     
   10.010679024567745     
   10.009751393338796     
   10.008809419806349     
   10.007853119337737     
   10.006882437348670     
   10.005897429621186     
   10.004898008063675     
   10.003884197220692     
   10.002855947339750     
   10.001813253535673     
   10.000756156851462     
   9.9996845672312222     
   9.9985985120145777     
   9.9974979394748402     
   9.9963828646464759     
   9.9952532742681992     
   9.9941091518228493     
   9.9929504508128453     
   9.9917771951073160     
   9.9905893238956001     
   9.9893869015020584     
   9.9881698335479498     
   9.9869381532115611     
   9.9856918040925109     
   9.9844308085956666     
   9.9831551429884033     
   9.9831551429884033     
   9.9816414221130199     
   9.9801307609203960     
   9.9786231174063200     
   9.9771184720864508     
   9.9756168266786496     
   9.9741181252287632     
   9.9726223999705574     
   9.9711295936033100     
   9.9696397129053338     
   9.9681527123577887     
   9.9666685740016572     
   9.9651872997552555     
   9.9637088704883556     
   9.9622332459628655     
   9.9607604059719979     
   9.9592903577045711     
   9.9578230205807543     
   9.9563584484687002     
   9.9548966078815813     
   9.9534374801611669     
   9.9519810255053880     
   9.9505272241723333     
   9.9490760837250853     
   9.9476275598853761     
   9.9461816343219880     
   9.9447383145465018     
   9.9432975561947963     
   9.9418593075452506     
   9.9404236415504705     
   9.9389905050035701     
   9.9375598587541543     
   9.9361316836423512     
   9.9347059879361055     
   9.9332827276270663     
   9.9318618862534649     
   9.9304434672254693     
   9.9290274529061762     
   9.9276138045132516     
   9.9262024691675332     
   9.9247935241246417     
   9.9233868915447605     
   9.9219825545109561     
   9.9205805201441102     
   9.9191807503025640     
   9.9191807503025640     
   9.9172314226836207     
   9.9152994714329044     
   9.9133848204557058     
   9.9114874883000486     
   9.9096073406169740     
   9.9077443677128745     
   9.9058985188620259     
   9.9040697441695542     
   9.9022579936597879     
   9.9004632177197287     
   9.8986854032865317     
   9.8969244277869119     
   9.8951802792357579     
   9.8934529071934776     
   9.8917422688366532     
   9.8900482832941137     
   9.8883709346354607     
   9.8867101686755525     
   9.8850659728110237     
   9.8834382310539546     
   9.8818269299780823     
   9.8802320220616853     
   9.8786534601438003     
   9.8770911971012687     
   9.8755451860921255     
   9.8740154118174210     
   9.8725017643839799     
   9.8710042308445125     
   9.8695227582273137     
   9.8695227582273137     
   9.8683145618993713     
   9.8671171463685710     
   9.8659305459082383     
   9.8647547060460674     
   9.8635895979207451     
   9.8624351893025057     
   9.8612915128162300     
   9.8601584926996093     
   9.8590360796715437     
   9.8579243038256337     
   9.8568231133553610     
   9.8557324800140886     
   9.8546523735089337     
   9.8535828251223005     
   9.8535828251223005     
   9.8528807899383786     
   9.8521794521039272     
   9.8514789453281857     
   9.8507791350427674     
   9.8500801546652230     
   9.8493818699203235     
   9.8486844139342953     
   9.8479876527246919     
   9.8472917191268010     
   9.8472917191268010     
   9.8460690621491480     
   9.8448476925164830     
   9.8436277921778625     
   9.8424092683741584     
   9.8411920287604335     
   9.8399762546698586     
   9.8387618536568127     
   9.8375487336888430     
   9.8363370754847548     
   9.8363370754847548     
   9.8349756486091717     
   9.8336159536070937     
