           1         166   0.0000000000000000        0.0000000000000000        2.3754083484573503        0.0000000000000000     
           2         166   9.0960562711075319E-022   3.2326205539525485E-018   2.3754065335753176        7.1377728537512725E-018
           3         166   2.9106492039829851E-020   6.1761393838993445E-017   2.3753992740471870        1.3637195983759731E-016
           4         166   2.2103091014383885E-019   3.1458046647110991E-016   2.3753883847549910        6.9460794312912134E-016
           5         166   9.3143333994151451E-019   9.9539874182659263E-016   2.3753738656987293        2.1978855852354134E-015
           6         166   2.8425424029555172E-018   2.4309464429322749E-015   2.3753539019963705        5.3676400430200039E-015
           7         166   7.0731620573973580E-018   5.0414075671487984E-015   2.3753303085299455        1.1131656647264871E-014
           8         166   1.5288126030952807E-017   9.3404496560599338E-015   2.3753012704174230        2.0624136635936778E-014
           9         166   2.9807187764392876E-017   1.5935108211796853E-014   2.3752686025408347        3.5185441940187007E-014
          10         166   5.3714081600353398E-017   2.5525736408765444E-014   2.3752304900181489        5.6361984145563569E-014
          11         166   9.0967071051885817E-017   3.8906499250622038E-014   2.3751887477313978        8.5907315613034558E-014
          12         166   1.4650644446318308E-016   5.6964916436664478E-014   2.3751433756805809        1.2578112010723850E-013
          13         166   2.2636384285445285E-016   8.0681543667364786E-014   2.3750925589836660        1.7814850910464068E-013
          14         166   3.3777561454251105E-016   1.1113176545588780E-013   2.3750381125226858        2.4538398040270986E-013
          15         166   4.8928657761894192E-016   1.4948356571201590E-013   2.3749782214156077        3.3006649546807087E-013
          16         166   6.9086245265478851E-016   1.9699835461271993E-013   2.3749147005444646        4.3498130520424189E-013
          17         166   9.5399511672466334E-016   2.5503187074072631E-013   2.3748475499092558        5.6312194191452281E-013
          18         166   1.2918278916369386E-015   3.2503425170793375E-013   2.3747749546279491        7.1769037524170341E-013
          19         166   1.7192419210551667E-015   4.0854882216289706E-013   2.3746987295825770        9.0209433603359692E-013
          20         166   2.2529746210968109E-015   5.0721053078215386E-013   2.3746170598911069        1.1199438651489732E-012
          21         166   2.9117516765412395E-015   6.2275386661108215E-013   2.3745317604355716        1.3750687930973515E-012
          22         166   3.7163605660944193E-015   7.5700285897223629E-013   2.3744410163339382        1.6714966593828833E-012
          23         166   4.6897793922728632E-015   9.1187315119060233E-013   2.3743466424682396        2.0134572913838043E-012
          24         166   5.8572693309113796E-015   1.0893818625893882E-012   2.3742486388384756        2.4054045800865974E-012
          25         166   7.2465537120375168E-015   1.2916366561157524E-012   2.3741451905626136        2.8519923409075794E-012
          26         166   8.8878205707132849E-015   1.5208398390309333E-012   2.3740381125226864        3.3580833682027613E-012
          27         166   1.0813885138826897E-014   1.7792844825243994E-012   2.3739255898366607        3.9287408671998320E-012
          28         166   1.3060368037178289E-014   2.0693582721443801E-012   2.3738094373865701        4.5692369559234726E-012
          29         166   1.5665670036940814E-014   2.3935609871606442E-012   2.3736896551724138        5.2850912604214445E-012
          30         166   1.8671190378155225E-014   2.7544600497069050E-012   2.3735644283121595        6.0819727652541941E-012
          31         166   2.2121326475172650E-014   3.1547310147861927E-012   2.3734355716878404        6.9657892172638292E-012
          32         166   2.6063829040831904E-014   3.5971546905882862E-012   2.3733012704174228        7.9426807671043521E-012
          33         166   3.0549573131409157E-014   4.0845708400095233E-012   2.3731633393829399        9.0189177400967453E-012
          34         166   3.5632822605741549E-014   4.6199584183890049E-012   2.3730217785843921        1.0201077804791052E-011
          35         166   4.1371596107484029E-014   5.2064128082901069E-012   2.3728747731397459        1.1495995706331067E-011
          36         166   4.7827321636608106E-014   5.8469791587608352E-012   2.3727223230490018        1.2910395271979439E-011
          37         166   5.5065045371433871E-014   6.5450044244882347E-012   2.3725680580762250        1.4451666729543365E-011
          38         166   6.3154154677264714E-014   7.3037919023207875E-012   2.3724065335753175        1.6127103908341644E-011
          39         166   7.2167459863260151E-014   8.1267332832547915E-012   2.3722431941923774        1.7944195815982080E-011
          40         166   8.2182167016587414E-014   9.0175018975397296E-012   2.3720744101633393        1.9911053332322056E-011
          41         166   9.3279430740436770E-014   9.9795692934438885E-012   2.3719001814882033        2.2035341793449216E-011
          42         166   1.0554508023803987E-013   1.1016713907243516E-011   2.3717223230490019        2.4325404158096915E-011
          43         166   1.1906897092338177E-013   1.2132716550236810E-011   2.3715408348457352        2.6789588629154737E-011
          44         166   1.3394541227583486E-013   1.3331695634339972E-011   2.3713557168784027        2.9436988846994454E-011
          45         166   1.5027418523449066E-013   1.4617434477002427E-011   2.3711633393829401        3.2275958548201256E-011
          46         166   1.6815869522370816E-013   1.5994071006763083E-011   2.3709691470054448        3.5315634466735369E-011
          47         166   1.8770795183522259E-013   1.7465944372853564E-011   2.3707695099818511        3.8565597640976318E-011
          48         166   2.0903528200869397E-013   1.9037260678066526E-011   2.3705662431941925        4.2035135336729783E-011
          49         166   2.3226026167703129E-013   2.0712459790342153E-011   2.3703575317604355        4.5734050983853621E-011
          50         166   2.5750650502397710E-013   2.2496037763087040E-011   2.3701451905626136        4.9672272072264742E-011
          51         166   2.8490319358823364E-013   2.4392602658223585E-011   2.3699274047186933        5.3859973411765035E-011
          52         166   3.1458566187268720E-013   2.6406640077616720E-011   2.3697059891107077        5.8307059414793213E-011
          53         166   3.4669387812378051E-013   2.8543355965804125E-011   2.3694809437386568        6.3025025043092871E-011
          54         166   3.8137362886553273E-013   3.0807307837101588E-011   2.3692504537205079        6.8023933495057015E-011
          55         166   4.1877735609673712E-013   3.3203688489480342E-011   2.3690163339382941        7.3315250704214046E-011
          56         166   4.5906260408727283E-013   3.5737432232139633E-011   2.3687767695099815        7.8909871849155608E-011
          57         166   5.0239272833505228E-013   3.8413942426073962E-011   2.3685335753176044        8.4819727796119129E-011
          58         166   5.4893726678073007E-013   4.1237891429809381E-011   2.3682849364791290        9.1055135324724635E-011
          59         166   5.9887265790660262E-013   4.4215476931989905E-011   2.3680344827586208        9.7629779212699954E-011
          60         166   6.5238202653917072E-013   4.7352215189735176E-011   2.3677767695099821        1.0455583960604913E-010
          61         166   7.0965255895153681E-013   5.0652548807941353E-011   2.3675154264972775        1.1184312597795301E-010
          62         166   7.7088118993674819E-013   5.4123011201061056E-011   2.3672504537205081        1.1950606440395739E-010
          63         166   8.3626927405423046E-013   5.7769516610121689E-011   2.3669818511796734        1.2755771379659198E-010
          64         166   9.0602641507763593E-013   6.1598241404368210E-011   2.3667078039927403        1.3601171185938422E-010
          65         166   9.8036759376253071E-013   6.5614169548863148E-011   2.3664283121597096        1.4487906341332489E-010
          66         166   1.0595170651205537E-012   6.9823556521761163E-011   2.3661451905626132        1.5417358083800336E-010
          67         166   1.1437039333308729E-012   7.4232800649064328E-011   2.3658584392014519        1.6390939192753734E-010
          68         166   1.2331643140634182E-012   7.8848615055250650E-011   2.3655680580762253        1.7410131956536253E-010
          69         166   1.3281463724934387E-012   8.3677841114150979E-011   2.3652722323049002        1.8476446981530463E-010
          70         166   1.4289014453518467E-012   8.8725645245233163E-011   2.3649709618874772        1.9591025036595962E-010
          71         166   1.5356885173640622E-012   9.3998323764618558E-011   2.3646660617059889        2.0755256376900030E-010
          72         166   1.6487737159744615E-012   9.9504361595531470E-011   2.3643575317604357        2.1971014511988428E-010
          73         166   1.7684369874295365E-012   1.0524937398822533E-010   2.3640435571687837        2.3239539314594655E-010
          74         166   1.8949592499950759E-012   1.1124059186699466E-010   2.3637259528130672        2.4562427405611128E-010
          75         166   2.0286319044412534E-012   1.1748515943797963E-010   2.3634029038112523        2.5941256258168323E-010
          76         166   2.1697571055766439E-012   1.2398852920340893E-010   2.3630762250453721        2.7377229809497460E-010
          77         166   2.3186413984657867E-012   1.3076086059901768E-010   2.3627459165154265        2.8872591309104297E-010
          78         166   2.4756012887642951E-012   1.3780738517522430E-010   2.3624101633393826        3.0428495907057834E-010
          79         166   2.6409646883450029E-012   1.4513628147757223E-010   2.3620707803992742        3.2046749463321802E-010
          80         166   2.8150658055421344E-012   1.5275531485563443E-010   2.3617259528130674        3.3729066602314895E-010
          81         166   2.9982456905447408E-012   1.6066958445146509E-010   2.3613774954627949        3.5476573237738533E-010
          82         166   3.1908536115890378E-012   1.6889090447133620E-010   2.3610254083484574        3.7291877999941046E-010
          83         166   3.3932583282369878E-012   1.7742453396608328E-010   2.3606678765880220        3.9176142111208309E-010
          84         166   3.6058252434203714E-012   1.8627935728957454E-010   2.3603067150635209        4.1131327277184562E-010
          85         166   3.8289337933715850E-012   1.9546277215723916E-010   2.3599401088929222        4.3159066947001514E-010
          86         166   4.0629763684734699E-012   2.0498335862391810E-010   2.3595698729582577        4.5261255635697523E-010
          87         166   4.3083519702276794E-012   2.1484997554555346E-010   2.3591941923774953        4.7439849418859047E-010
          88         166   4.5654659838612976E-012   2.2506707872658292E-010   2.3588148820326680        4.9695832158322821E-010
          89         166   4.8347328755123426E-012   2.3564939309919329E-010   2.3584319419237749        5.2032455185925740E-010
          90         166   5.1165918914492155E-012   2.4660161876757961E-010   2.3580435571687839        5.4450756305999400E-010
          91         166   5.4114742025432607E-012   2.5793352303130921E-010   2.3576515426497275        5.6952892182604498E-010
          92         166   5.7198283992161666E-012   2.6965428372744565E-010   2.3572540834845732        5.9540889323806420E-010
          93         166   6.0421175566382839E-012   2.8176852786317546E-010   2.3568529945553540        6.2215769393785617E-010
          94         166   6.3788068541909350E-012   2.9429161098680472E-010   2.3564482758620691        6.4980922967279344E-010
          95         166   6.7303764642184833E-012   3.0723448596977885E-010   2.3560381125226861        6.7838768487998178E-010
          96         166   7.0973271415188291E-012   3.2059416257604645E-010   2.3556225045372048        7.0788645698254643E-010
          97         166   7.4801450099386180E-012   3.3438744248988064E-010   2.3552050816696917        7.3834264486168956E-010
          98         166   7.8793536567171747E-012   3.4863257520937943E-010   2.3547822141560801        7.6979654423722851E-010
          99         166   8.2954717837538850E-012   3.6332576971004466E-010   2.3543539019963702        8.0223978435506484E-010
         100         166   8.7290394719654853E-012   3.7847720051610549E-010   2.3539219600725954        8.3569483102633566E-010
         101         166   9.1805973337219822E-012   3.9410677734884868E-010   2.3534863883847548        8.7020564581898695E-010
         102         166   9.6507039414107305E-012   4.1021671732181740E-010   2.3530453720508167        9.0577712422031699E-010
         103         166   1.0139934329586057E-011   4.2681951432445771E-010   2.3526007259528132        9.4243685330509602E-010
         104         166   1.0648871485522568E-011   4.4392627618586126E-010   2.3521506352087114        9.8020935966394352E-010
         105         166   1.1178100815832448E-011   4.6153865147090919E-010   2.3516969147005446        1.0190982834029159E-009
         106         166   1.1728219674289055E-011   4.7967879069138592E-010   2.3512395644283122        1.0591525338570469E-009
         107         166   1.2299869247423857E-011   4.9836119096377362E-010   2.3507767695099822        1.1004041213172936E-009
         108         166   1.2893672951103070E-011   5.1757332251728339E-010   2.3503085299455537        1.1428253794812523E-009
         109         166   1.3510244653437455E-011   5.3733949477265587E-010   2.3498384754990926        1.1864699846528869E-009
         110         166   1.4150275492039367E-011   5.5768693954148632E-010   2.3493629764065336        1.2313980659077623E-009
         111         166   1.4814425820475548E-011   5.7860250372729974E-010   2.3488820326678765        1.2775805806120797E-009
         112         166   1.5503365014815085E-011   6.0009767630737551E-010   2.3483974591651542        1.3250428969489496E-009
         113         166   1.6217776101457746E-011   6.2220148762249153E-010   2.3479092558983665        1.3738491152279760E-009
         114         166   1.6958397096835085E-011   6.4491264987168745E-010   2.3474156079854809        1.4239963919262082E-009
         115         166   1.7725925729892876E-011   6.6824590277831871E-010   2.3469183303085299        1.4755172730215865E-009
         116         166   1.8521097944571172E-011   6.9221444222508303E-010   2.3464156079854810        1.5284408956218319E-009
         117         166   1.9344667845284553E-011   7.1681551570410523E-010   2.3459092558983663        1.5827611820646690E-009
         118         166   2.0197384588139591E-011   7.4208180683565581E-010   2.3453992740471867        1.6385502992665778E-009
         119         166   2.1080025845955585E-011   7.6803053999871292E-010   2.3448838475499092        1.6958462794378477E-009
         120         166   2.1993404564372918E-011   7.9463508029398388E-010   2.3443629764065337        1.7545903115123601E-009
         121         166   2.2938277186313183E-011   8.2193130958535351E-010   2.3438402903811251        1.8148616242736068E-009
         122         166   2.3915494070895692E-011   8.4995846149538124E-010   2.3433121597096189        1.8767468473403087E-009
         123         166   2.4925873696130986E-011   8.7868767738878716E-010   2.3427785843920144        1.9401822595363925E-009
         124         166   2.5970269716535323E-011   9.0813322582694966E-010   2.3422413793103449        2.0051993664927752E-009
         125         166   2.7049527904013062E-011   9.3833808787440190E-010   2.3417005444646097        2.0718930723500857E-009
         126         166   2.8164528744069601E-011   9.6929238917069536E-010   2.3411542649727770        2.1402415740724329E-009
         127         166   2.9316170613876228E-011   1.0010153643483643E-009   2.3406043557168785        2.2102873426011678E-009
         128         166   3.0505366294641935E-011   1.0335240707969305E-009   2.3400490018148821        2.2820680414262828E-009
         129         166   3.1733012975405721E-011   1.0668039905929951E-009   2.3394900181488203        2.3555516143142057E-009
         130         166   3.3000027817879256E-011   1.1009130526184421E-009   2.3389274047186932        2.4308659708644885E-009
         131         166   3.4307421042756617E-011   1.1358358963865992E-009   2.3383593466424681        2.5079771944256214E-009
         132         166   3.5656116877925729E-011   1.1715955415118650E-009   2.3377876588021778        2.5869361133506440E-009
         133         166   3.7047106486046805E-011   1.2082009164064185E-009   2.3372105263157894        2.6677624419787480E-009
         134         166   3.8481397570711129E-011   1.2456672493506877E-009   2.3366297640653357        2.7504898050440564E-009
         135         166   3.9960016179197861E-011   1.2840156914640393E-009   2.3360435571687841        2.8351649051778010E-009
         136         166   4.1483942485876330E-011   1.3232233916806957E-009   2.3354537205081671        2.9217372861899453E-009
         137         166   4.3054263035072589E-011   1.3633621143782228E-009   2.3348602540834844        3.0103654070822509E-009
         138         166   4.4672054939212535E-011   1.4044179873595894E-009   2.3342613430127042        3.1010186374142634E-009
         139         166   4.6338365111505954E-011   1.4463769867555602E-009   2.3336588021778581        3.1936660118464202E-009
         140         166   4.8054266284027138E-011   1.4893050049339611E-009   2.3330526315789477        3.2884530237165514E-009
         141         166   4.9820955836955681E-011   1.5332192298382811E-009   2.3324410163339384        3.3854176247837338E-009
         142         166   5.1639545475285467E-011   1.5780867557322718E-009   2.3318239564428311        3.4844871576893301E-009
         143         166   5.3511119982663488E-011   1.6239149452680674E-009   2.3312032667876590        3.5856778795033112E-009
         144         166   5.5436894089915594E-011   1.6707826153180347E-009   2.3305789473684211        3.6891638214559464E-009
         145         166   5.7418070352452855E-011   1.7186711985164456E-009   2.3299491833030852        3.7949039859612679E-009
         146         166   5.9455807367659562E-011   1.7675598290790697E-009   2.3293157894736845        3.9028523004209724E-009
         147         166   6.1551294955443737E-011   1.8175262138776148E-009   2.3286787658802179        4.0131803451335100E-009
         148         166   6.3705874730564859E-011   1.8686043087669929E-009   2.3280362976406535        4.1259630961671741E-009
         149         166   6.5920778703929176E-011   1.9206908633448847E-009   2.3273883847549910        4.2409725719489605E-009
         150         166   6.8197147922816206E-011   1.9738720679718444E-009   2.3267386569872959        4.3583990847056057E-009
         151         166   7.0536438979123437E-011   2.0282525799179245E-009   2.3260834845735028        4.4784737224379020E-009
         152         166   7.2939937579372957E-011   2.0837009352757922E-009   2.3254228675136117        4.6009062068736716E-009
         153         166   7.5408919581866428E-011   2.1403299683142521E-009   2.3247586206896553        4.7259456811979552E-009
         154         166   7.7944759682086469E-011   2.1980578481359269E-009   2.3240889292196005        4.8534114590765099E-009
         155         166   8.0548772845088450E-011   2.2570231358706073E-009   2.3234174228675135        4.9836094897707162E-009
         156         166   8.3222501147068371E-011   2.3171852626605134E-009   2.3227386569872959        5.1164501954019029E-009
         157         166   8.5967124922867646E-011   2.3784906138510814E-009   2.3220580762250456        5.2518151923801862E-009
         158         166   8.8784275230623327E-011   2.4411448183659664E-009   2.3213720508166968        5.3901585186988031E-009
         159         166   9.1675368364799189E-011   2.5049869459653657E-009   2.3206805807622506        5.5311248330865347E-009
         160         166   9.4641762980877561E-011   2.5700461717029543E-009   2.3199854809437390        5.6747785553856266E-009
         161         166   9.7685023895797704E-011   2.6364475642561725E-009   2.3192867513611617        5.8213958429104898E-009
         162         166   1.0080669728175347E-010   2.7041454853780708E-009   2.3185825771324864        5.9708759243411588E-009
         163         166   1.0400823596431507E-010   2.7731126850391662E-009   2.3178747731397458        6.1231586303761447E-009
         164         166   1.0729122727913942E-010   2.8436212485105907E-009   2.3171615245009072        6.2788447376391751E-009
         165         166   1.1065724806749292E-010   2.9147002220535321E-009   2.3164446460980037        6.4357903362207897E-009
