           2         401   0.0000000000000000        0.0000000000000000     
           2         402   0.0000000000000000        0.0000000000000000     
           2         403   0.0000000000000000        0.0000000000000000     
           2         404   0.0000000000000000        0.0000000000000000     
           2         405   0.0000000000000000        0.0000000000000000     
           2         406   0.0000000000000000        0.0000000000000000     
           2         407   0.0000000000000000        0.0000000000000000     
           2         408   0.0000000000000000        0.0000000000000000     
           2         409   0.0000000000000000        0.0000000000000000     
           2         410   0.0000000000000000        0.0000000000000000     
           2         411   0.0000000000000000        0.0000000000000000     
           2         412   0.0000000000000000        0.0000000000000000     
           2         413   0.0000000000000000        0.0000000000000000     
           2         414   0.0000000000000000        0.0000000000000000     
           2         415   0.0000000000000000        0.0000000000000000     
           2         416   0.0000000000000000        0.0000000000000000     
           2         417   0.0000000000000000        0.0000000000000000     
           2         418   0.0000000000000000        0.0000000000000000     
           2         419   0.0000000000000000        0.0000000000000000     
           2         420   0.0000000000000000        0.0000000000000000     
           2         421   0.0000000000000000        0.0000000000000000     
           2         422   0.0000000000000000        0.0000000000000000     
           2         423   0.0000000000000000        0.0000000000000000     
           2         424   0.0000000000000000        0.0000000000000000     
           2         425   0.0000000000000000        0.0000000000000000     
           2         426   0.0000000000000000        0.0000000000000000     
           2         427   0.0000000000000000        0.0000000000000000     
           2         428   0.0000000000000000        0.0000000000000000     
           2         429   0.0000000000000000        0.0000000000000000     
           2         430   0.0000000000000000        0.0000000000000000     
           2         431   0.0000000000000000        0.0000000000000000     
           2         432   0.0000000000000000        0.0000000000000000     
           2         433   0.0000000000000000        0.0000000000000000     
           2         434   0.0000000000000000        0.0000000000000000     
           2         435   0.0000000000000000        0.0000000000000000     
           2         436   0.0000000000000000        0.0000000000000000     
           2         437   0.0000000000000000        0.0000000000000000     
           2         438   0.0000000000000000        0.0000000000000000     
           2         439   0.0000000000000000        0.0000000000000000     
           2         440   0.0000000000000000        0.0000000000000000     
           2         441   0.0000000000000000        0.0000000000000000     
           2         442   0.0000000000000000        0.0000000000000000     
           2         443   0.0000000000000000        0.0000000000000000     
           2         444   0.0000000000000000        0.0000000000000000     
           2         445   0.0000000000000000        0.0000000000000000     
           2         446   0.0000000000000000        0.0000000000000000     
           2         447   0.0000000000000000        0.0000000000000000     
           2         448   0.0000000000000000        0.0000000000000000     
           2         449   0.0000000000000000        0.0000000000000000     
           2         450   0.0000000000000000        0.0000000000000000     
           2         451   0.0000000000000000        0.0000000000000000     
           2         452   0.0000000000000000        0.0000000000000000     
           2         453   0.0000000000000000        0.0000000000000000     
           2         454   0.0000000000000000        0.0000000000000000     
           2         455   0.0000000000000000        0.0000000000000000     
           2         456   0.0000000000000000        0.0000000000000000     
           2         457   0.0000000000000000        0.0000000000000000     
           2         458   0.0000000000000000        0.0000000000000000     
           2         459   0.0000000000000000        0.0000000000000000     
           2         460   0.0000000000000000        0.0000000000000000     
           2         461   0.0000000000000000        0.0000000000000000     
           2         462   0.0000000000000000        0.0000000000000000     
           2         463   0.0000000000000000        0.0000000000000000     
           2         464   0.0000000000000000        0.0000000000000000     
           2         465   0.0000000000000000        0.0000000000000000     
           2         466   0.0000000000000000        0.0000000000000000     
           2         467   0.0000000000000000        0.0000000000000000     
           2         468   0.0000000000000000        0.0000000000000000     
           2         469   0.0000000000000000        0.0000000000000000     
           2         470   0.0000000000000000        0.0000000000000000     
           2         471   0.0000000000000000        0.0000000000000000     
           2         472   0.0000000000000000        0.0000000000000000     
           2         473   0.0000000000000000        0.0000000000000000     
           2         474   0.0000000000000000        0.0000000000000000     
           2         475   0.0000000000000000        0.0000000000000000     
           2         476   0.0000000000000000        0.0000000000000000     
           2         477   0.0000000000000000        0.0000000000000000     
           2         478   0.0000000000000000        0.0000000000000000     
           2         479   0.0000000000000000        0.0000000000000000     
           2         480   0.0000000000000000        0.0000000000000000     
           2         481   0.0000000000000000        0.0000000000000000     
           2         482   0.0000000000000000        0.0000000000000000     
           2         483   0.0000000000000000        0.0000000000000000     
           2         484   0.0000000000000000        0.0000000000000000     
           2         485   0.0000000000000000        0.0000000000000000     
           2         486   0.0000000000000000        0.0000000000000000     
           2         487   0.0000000000000000        0.0000000000000000     
           2         488   0.0000000000000000        0.0000000000000000     
           2         489   0.0000000000000000        0.0000000000000000     
           2         490   0.0000000000000000        0.0000000000000000     
           2         491   0.0000000000000000        0.0000000000000000     
           2         492   0.0000000000000000        0.0000000000000000     
           2         493   0.0000000000000000        0.0000000000000000     
           2         494   0.0000000000000000        0.0000000000000000     
           2         495   0.0000000000000000        0.0000000000000000     
           2         496   0.0000000000000000        0.0000000000000000     
           2         497   0.0000000000000000        0.0000000000000000     
           2         498   0.0000000000000000        0.0000000000000000     
           2         499   0.0000000000000000        0.0000000000000000     
           2         500   0.0000000000000000        0.0000000000000000     
           2         501   0.0000000000000000        0.0000000000000000     
           2         502   0.0000000000000000        0.0000000000000000     
           2         503   0.0000000000000000        0.0000000000000000     
           2         504   0.0000000000000000        0.0000000000000000     
           2         505   0.0000000000000000        0.0000000000000000     
           2         506   0.0000000000000000        0.0000000000000000     
           2         507   0.0000000000000000        0.0000000000000000     
           2         508   0.0000000000000000        0.0000000000000000     
           2         509   0.0000000000000000        0.0000000000000000     
           2         510   0.0000000000000000        0.0000000000000000     
           2         511   0.0000000000000000        0.0000000000000000     
           2         512   0.0000000000000000        0.0000000000000000     
           2         513   0.0000000000000000        0.0000000000000000     
           2         514   0.0000000000000000        0.0000000000000000     
           2         515   0.0000000000000000        0.0000000000000000     
           2         516   0.0000000000000000        0.0000000000000000     
           2         517   0.0000000000000000        0.0000000000000000     
           2         518   0.0000000000000000        0.0000000000000000     
           2         519   0.0000000000000000        0.0000000000000000     
           2         520   0.0000000000000000        0.0000000000000000     
           2         521   0.0000000000000000        0.0000000000000000     
           2         522   0.0000000000000000        0.0000000000000000     
           2         523   0.0000000000000000        0.0000000000000000     
           2         524   0.0000000000000000        0.0000000000000000     
           2         525   0.0000000000000000        0.0000000000000000     
           2         526   0.0000000000000000        0.0000000000000000     
           2         527   0.0000000000000000        0.0000000000000000     
           2         528   0.0000000000000000        0.0000000000000000     
           2         529   0.0000000000000000        0.0000000000000000     
           2         530   0.0000000000000000        0.0000000000000000     
           2         531   0.0000000000000000        0.0000000000000000     
           2         532   0.0000000000000000        0.0000000000000000     
           2         533   0.0000000000000000        0.0000000000000000     
           2         534   0.0000000000000000        0.0000000000000000     
           2         535   0.0000000000000000        0.0000000000000000     
           2         536   0.0000000000000000        0.0000000000000000     
           2         537   0.0000000000000000        0.0000000000000000     
           2         538   0.0000000000000000        0.0000000000000000     
           2         539   0.0000000000000000        0.0000000000000000     
           2         540   0.0000000000000000        0.0000000000000000     
           2         541   0.0000000000000000        0.0000000000000000     
           2         542   0.0000000000000000        0.0000000000000000     
           2         543   0.0000000000000000        0.0000000000000000     
           2         544   0.0000000000000000        0.0000000000000000     
           2         545   0.0000000000000000        0.0000000000000000     
           2         546   0.0000000000000000        0.0000000000000000     
           2         547   0.0000000000000000        0.0000000000000000     
           2         548   0.0000000000000000        0.0000000000000000     
           2         549   0.0000000000000000        0.0000000000000000     
           2         550   0.0000000000000000        0.0000000000000000     
           2         551   0.0000000000000000        0.0000000000000000     
           2         552   0.0000000000000000        0.0000000000000000     
           2         553   0.0000000000000000        0.0000000000000000     
           2         554   0.0000000000000000        0.0000000000000000     
           2         555   0.0000000000000000        0.0000000000000000     
           2         556   0.0000000000000000        0.0000000000000000     
           2         557   0.0000000000000000        0.0000000000000000     
           2         558   0.0000000000000000        0.0000000000000000     
           2         559   0.0000000000000000        0.0000000000000000     
           2         560   0.0000000000000000        0.0000000000000000     
           2         561   0.0000000000000000        0.0000000000000000     
           2         562   0.0000000000000000        0.0000000000000000     
           2         563   0.0000000000000000        0.0000000000000000     
           2         564   0.0000000000000000        0.0000000000000000     
           2         565   0.0000000000000000        0.0000000000000000     
           2         566   0.0000000000000000        0.0000000000000000     
           2         567   0.0000000000000000        0.0000000000000000     
           2         568   0.0000000000000000        0.0000000000000000     
           2         569   0.0000000000000000        0.0000000000000000     
           2         570   0.0000000000000000        0.0000000000000000     
           2         571   0.0000000000000000        0.0000000000000000     
           2         572   0.0000000000000000        0.0000000000000000     
           2         573   0.0000000000000000        0.0000000000000000     
           2         574   0.0000000000000000        0.0000000000000000     
           2         575   0.0000000000000000        0.0000000000000000     
           2         576   0.0000000000000000        0.0000000000000000     
           2         577   0.0000000000000000        0.0000000000000000     
           2         578   0.0000000000000000        0.0000000000000000     
           2         579   0.0000000000000000        0.0000000000000000     
           2         580   0.0000000000000000        0.0000000000000000     
           2         581   0.0000000000000000        0.0000000000000000     
           2         582   0.0000000000000000        0.0000000000000000     
           2         583   0.0000000000000000        0.0000000000000000     
           2         584   0.0000000000000000        0.0000000000000000     
           2         585   0.0000000000000000        0.0000000000000000     
           2         586   0.0000000000000000        0.0000000000000000     
           2         587   0.0000000000000000        0.0000000000000000     
           2         588   0.0000000000000000        0.0000000000000000     
           2         589   0.0000000000000000        0.0000000000000000     
           2         590   0.0000000000000000        0.0000000000000000     
           2         591   0.0000000000000000        0.0000000000000000     
           2         592   0.0000000000000000        0.0000000000000000     
           2         593   0.0000000000000000        0.0000000000000000     
           2         594   0.0000000000000000        0.0000000000000000     
           2         595   0.0000000000000000        0.0000000000000000     
           2         596   0.0000000000000000        0.0000000000000000     
           2         597   0.0000000000000000        0.0000000000000000     
           2         598   0.0000000000000000        0.0000000000000000     
           2         599   0.0000000000000000        0.0000000000000000     
           2         600   0.0000000000000000        0.0000000000000000     
           2         601   0.0000000000000000        0.0000000000000000     
           2         602   0.0000000000000000        0.0000000000000000     
           2         603   0.0000000000000000        0.0000000000000000     
           2         604   0.0000000000000000        0.0000000000000000     
           2         605   0.0000000000000000        0.0000000000000000     
           2         606   0.0000000000000000        0.0000000000000000     
           2         607   0.0000000000000000        0.0000000000000000     
           2         608   0.0000000000000000        0.0000000000000000     
           2         609   0.0000000000000000        0.0000000000000000     
           2         610   0.0000000000000000        0.0000000000000000     
           2         611   0.0000000000000000        0.0000000000000000     
           2         612   0.0000000000000000        0.0000000000000000     
           2         613   0.0000000000000000        0.0000000000000000     
           2         614   0.0000000000000000        0.0000000000000000     
           2         615   0.0000000000000000        0.0000000000000000     
           2         616   0.0000000000000000        0.0000000000000000     
           2         617   0.0000000000000000        0.0000000000000000     
           2         618   0.0000000000000000        0.0000000000000000     
           2         619   0.0000000000000000        0.0000000000000000     
           2         620   0.0000000000000000        0.0000000000000000     
           2         621   0.0000000000000000        0.0000000000000000     
           2         622   0.0000000000000000        0.0000000000000000     
           2         623   0.0000000000000000        0.0000000000000000     
           2         624   0.0000000000000000        0.0000000000000000     
           2         625   0.0000000000000000        0.0000000000000000     
           2         626   0.0000000000000000        0.0000000000000000     
           2         627   0.0000000000000000        0.0000000000000000     
           2         628   0.0000000000000000        0.0000000000000000     
           2         629   0.0000000000000000        0.0000000000000000     
           2         630   0.0000000000000000        0.0000000000000000     
           2         631   0.0000000000000000        0.0000000000000000     
           2         632   0.0000000000000000        0.0000000000000000     
           2         633   0.0000000000000000        0.0000000000000000     
           2         634   0.0000000000000000        0.0000000000000000     
           2         635   0.0000000000000000        0.0000000000000000     
           2         636   0.0000000000000000        0.0000000000000000     
           2         637   0.0000000000000000        0.0000000000000000     
           2         638   0.0000000000000000        0.0000000000000000     
           2         639   0.0000000000000000        0.0000000000000000     
           2         640   0.0000000000000000        0.0000000000000000     
           2         641   0.0000000000000000        0.0000000000000000     
           2         642   0.0000000000000000        0.0000000000000000     
           2         643   0.0000000000000000        0.0000000000000000     
           2         644   0.0000000000000000        0.0000000000000000     
           2         645   0.0000000000000000        0.0000000000000000     
           2         646   0.0000000000000000        0.0000000000000000     
           2         647   0.0000000000000000        0.0000000000000000     
           2         648   0.0000000000000000        0.0000000000000000     
           2         649   0.0000000000000000        0.0000000000000000     
           2         650   0.0000000000000000        0.0000000000000000     
           2         651   0.0000000000000000        0.0000000000000000     
           2         652   0.0000000000000000        0.0000000000000000     
           2         653   0.0000000000000000        0.0000000000000000     
           2         654   0.0000000000000000        0.0000000000000000     
           2         655   0.0000000000000000        0.0000000000000000     
           2         656   0.0000000000000000        0.0000000000000000     
           2         657   0.0000000000000000        0.0000000000000000     
           2         658   0.0000000000000000        0.0000000000000000     
           2         659   0.0000000000000000        0.0000000000000000     
           2         660   0.0000000000000000        0.0000000000000000     
           2         661   0.0000000000000000        0.0000000000000000     
           2         662   0.0000000000000000        0.0000000000000000     
           2         663   0.0000000000000000        0.0000000000000000     
           2         664   0.0000000000000000        0.0000000000000000     
           2         665   0.0000000000000000        0.0000000000000000     
           2         666   0.0000000000000000        0.0000000000000000     
           2         667   0.0000000000000000        0.0000000000000000     
           2         668   0.0000000000000000        0.0000000000000000     
           2         669   0.0000000000000000        0.0000000000000000     
           2         670   0.0000000000000000        0.0000000000000000     
           2         671   0.0000000000000000        0.0000000000000000     
           2         672   0.0000000000000000        0.0000000000000000     
           2         673   0.0000000000000000        0.0000000000000000     
           2         674   0.0000000000000000        0.0000000000000000     
           2         675   0.0000000000000000        0.0000000000000000     
           2         676   0.0000000000000000        0.0000000000000000     
           2         677   0.0000000000000000        0.0000000000000000     
           2         678   0.0000000000000000        0.0000000000000000     
           2         679   0.0000000000000000        0.0000000000000000     
           2         680   0.0000000000000000        0.0000000000000000     
           2         681   0.0000000000000000        0.0000000000000000     
           2         682   0.0000000000000000        0.0000000000000000     
           2         683   0.0000000000000000        0.0000000000000000     
           2         684   0.0000000000000000        0.0000000000000000     
           2         685   0.0000000000000000        0.0000000000000000     
           2         686   0.0000000000000000        0.0000000000000000     
           2         687   0.0000000000000000        0.0000000000000000     
           2         688   0.0000000000000000        0.0000000000000000     
           2         689   0.0000000000000000        0.0000000000000000     
           2         690   0.0000000000000000        0.0000000000000000     
           2         691   0.0000000000000000        0.0000000000000000     
           2         692   0.0000000000000000        0.0000000000000000     
           2         693   0.0000000000000000        0.0000000000000000     
           2         694   0.0000000000000000        0.0000000000000000     
           2         695   0.0000000000000000        0.0000000000000000     
           2         696   0.0000000000000000        0.0000000000000000     
           2         697   0.0000000000000000        0.0000000000000000     
           2         698   0.0000000000000000        0.0000000000000000     
           2         699   0.0000000000000000        0.0000000000000000     
           2         700   0.0000000000000000        0.0000000000000000     
           2         701   0.0000000000000000        0.0000000000000000     
           2         702   0.0000000000000000        0.0000000000000000     
           2         703   0.0000000000000000        0.0000000000000000     
           2         704   0.0000000000000000        0.0000000000000000     
           2         705   0.0000000000000000        0.0000000000000000     
           2         706   0.0000000000000000        0.0000000000000000     
           2         707   0.0000000000000000        0.0000000000000000     
           2         708   0.0000000000000000        0.0000000000000000     
           2         709   0.0000000000000000        0.0000000000000000     
           2         710   0.0000000000000000        0.0000000000000000     
           2         711   0.0000000000000000        0.0000000000000000     
           2         712   0.0000000000000000        0.0000000000000000     
           2         713   0.0000000000000000        0.0000000000000000     
           2         714   0.0000000000000000        0.0000000000000000     
           2         715   0.0000000000000000        0.0000000000000000     
           2         716   0.0000000000000000        0.0000000000000000     
           2         717   0.0000000000000000        0.0000000000000000     
           2         718   0.0000000000000000        0.0000000000000000     
           2         719   0.0000000000000000        0.0000000000000000     
           2         720   0.0000000000000000        0.0000000000000000     
           2         721   0.0000000000000000        0.0000000000000000     
           2         722   0.0000000000000000        0.0000000000000000     
           2         723   0.0000000000000000        0.0000000000000000     
           2         724   0.0000000000000000        0.0000000000000000     
           2         725   0.0000000000000000        0.0000000000000000     
           2         726   0.0000000000000000        0.0000000000000000     
           2         727   0.0000000000000000        0.0000000000000000     
           2         728   0.0000000000000000        0.0000000000000000     
           2         729   0.0000000000000000        0.0000000000000000     
           2         730   0.0000000000000000        0.0000000000000000     
           2         731   0.0000000000000000        0.0000000000000000     
           2         732   0.0000000000000000        0.0000000000000000     
           2         733   0.0000000000000000        0.0000000000000000     
           2         734   0.0000000000000000        0.0000000000000000     
           2         735   0.0000000000000000        0.0000000000000000     
           2         736   0.0000000000000000        0.0000000000000000     
           2         737   0.0000000000000000        0.0000000000000000     
           2         738   0.0000000000000000        0.0000000000000000     
           2         739   0.0000000000000000        0.0000000000000000     
           2         740   0.0000000000000000        0.0000000000000000     
           2         741   0.0000000000000000        0.0000000000000000     
           2         742   0.0000000000000000        0.0000000000000000     
           2         743   0.0000000000000000        0.0000000000000000     
           2         744   0.0000000000000000        0.0000000000000000     
           2         745   0.0000000000000000        0.0000000000000000     
           2         746   0.0000000000000000        0.0000000000000000     
           2         747   0.0000000000000000        0.0000000000000000     
           2         748   0.0000000000000000        0.0000000000000000     
           2         749   0.0000000000000000        0.0000000000000000     
           2         750   0.0000000000000000        0.0000000000000000     
           2         751   0.0000000000000000        0.0000000000000000     
           2         752   0.0000000000000000        0.0000000000000000     
           2         753   0.0000000000000000        0.0000000000000000     
           2         754   0.0000000000000000        0.0000000000000000     
           2         755   0.0000000000000000        0.0000000000000000     
           2         756   0.0000000000000000        0.0000000000000000     
           2         757   0.0000000000000000        0.0000000000000000     
           2         758   0.0000000000000000        0.0000000000000000     
           2         759   0.0000000000000000        0.0000000000000000     
           2         760   0.0000000000000000        0.0000000000000000     
           2         761   0.0000000000000000        0.0000000000000000     
           2         762   0.0000000000000000        0.0000000000000000     
           2         763   0.0000000000000000        0.0000000000000000     
           2         764   0.0000000000000000        0.0000000000000000     
           2         765   0.0000000000000000        0.0000000000000000     
           2         766   0.0000000000000000        0.0000000000000000     
           2         767   0.0000000000000000        0.0000000000000000     
           2         768   0.0000000000000000        0.0000000000000000     
           2         769   0.0000000000000000        0.0000000000000000     
           2         770   0.0000000000000000        0.0000000000000000     
           2         771   0.0000000000000000        0.0000000000000000     
           2         772   0.0000000000000000        0.0000000000000000     
           2         773   0.0000000000000000        0.0000000000000000     
           2         774   0.0000000000000000        0.0000000000000000     
           2         775   0.0000000000000000        0.0000000000000000     
           2         776   0.0000000000000000        0.0000000000000000     
           2         777   0.0000000000000000        0.0000000000000000     
           2         778   0.0000000000000000        0.0000000000000000     
           2         779   0.0000000000000000        0.0000000000000000     
           2         780   0.0000000000000000        0.0000000000000000     
           2         781   0.0000000000000000        0.0000000000000000     
           2         782   0.0000000000000000        0.0000000000000000     
           2         783   0.0000000000000000        0.0000000000000000     
           2         784   0.0000000000000000        0.0000000000000000     
           2         785   0.0000000000000000        0.0000000000000000     
           2         786   0.0000000000000000        0.0000000000000000     
           2         787   0.0000000000000000        0.0000000000000000     
           2         788   0.0000000000000000        0.0000000000000000     
           2         789   0.0000000000000000        0.0000000000000000     
           2         790   0.0000000000000000        0.0000000000000000     
           2         791   0.0000000000000000        0.0000000000000000     
           2         792   0.0000000000000000        0.0000000000000000     
           2         793   0.0000000000000000        0.0000000000000000     
           2         794   0.0000000000000000        0.0000000000000000     
           2         795   0.0000000000000000        0.0000000000000000     
           2         796   0.0000000000000000        0.0000000000000000     
           2         797   0.0000000000000000        0.0000000000000000     
           2         798   0.0000000000000000        0.0000000000000000     
           2         799   0.0000000000000000        0.0000000000000000     
           2         800   0.0000000000000000        0.0000000000000000     
           2         801   0.0000000000000000        0.0000000000000000     
           2         802   0.0000000000000000        0.0000000000000000     
           2         803   0.0000000000000000        0.0000000000000000     
           2         804   0.0000000000000000        0.0000000000000000     
           2         805   0.0000000000000000        0.0000000000000000     
           2         806   0.0000000000000000        0.0000000000000000     
           2         807   1.8109233995523726E-003   0.0000000000000000     
           2         808   0.0000000000000000        0.0000000000000000     
